1538159213 674
1538159831 683
1538701971 812
1540427969 812
1540428088 812
1540496886 935
1542999605 1117
1542999723 1120
1542999752 1120
1543349992 1208
1543888233 1648
1543896280 1681
1543899734 1703
1543926146 2628
1544572224 2830
1544587602 2742
1544587622 2615
1544587632 2593
1544587651 2392
1544588242 2572
1544588334 2569
1544588646 2569
1544588736 2569
1548452407 2575
1548452504 2576
1570221919 2586
1570222040 6788
1579895976 6790
1580011715 11727
1580013525 11706
1580014412 12547
1582409277 12567
1584431408 12567
1588464597 25203
1588907114 22784
1588910312 22822
1590365879 23061
1601246368 23064
1601449518 23064
1602439074 20630
1602888246 20610
1604093599 20611
1604195492 20834
1604444162 20873
1605049239 20874
1607121340 21143
1611719571 21118
